0      194.320007
1      194.267502
2      194.160004
3      194.029999
4      194.030899
5      193.820007
6      193.649994
7      193.699997
8      193.690002
9      193.529999
10     193.500000
11     193.520004
12     193.582001
13     193.535004
14     193.554993
15     193.649994
16     193.580002
17     193.490906
18     193.520004
19     193.669998
20     193.740005
21     193.750000
22     193.684998
23     193.708694
24     193.690002
25     193.600006
26     193.610992
27     193.600006
28     193.550003
29     193.505005
30     193.445007
31     193.455002
32     193.404999
33     193.280106
34     193.395004
35     193.363495
36     193.335007
37     193.365005
38     193.425003
39     193.285004
40     193.320007
41     193.290100
42     193.320007
43     193.369995
44     193.369995
45     193.380096
46     193.339996
47     193.350006
48     193.369995
49     193.320007
50     193.280106
51     193.289993
52     193.270004
53     193.274994
54     193.267593
55     193.330002
56     193.410004
57     193.425705
58     193.449997
59     193.509995
60     193.468994
61     193.395004
62     193.327805
63     193.304993
64     193.264999
65     193.220001
66     193.229996
67     193.211899
68     193.229996
69     193.210007
70     193.190002
71     193.089996
72     193.066193
73     192.975006
74     193.000000
75     193.052200
76     192.919998
77     192.759995
78     192.729996
79     192.729996
80     192.875000
81     192.740005
82     192.685303
83     192.737000
84     192.729996
85     192.809998
86     192.759995
87     192.759995
88     192.720001
89     192.755005
90     192.710007
91     192.679993
92     192.750000
93     192.770004
94     192.835098
95     192.774994
96     192.660004
97     192.649994
98     192.587097
99     192.591003
100    192.539993
101    192.565002
102    192.535004
103    192.470001
104    192.410004
105    192.395004
106    192.259995
107    192.300003
108    192.380005
109    192.335007
110    192.350006
111    192.255005
112    192.164993
113    192.154999
114    192.130005
115    192.044601
116    192.110001
117    192.020004
118    191.910004
119    191.960007
120    192.020004
121    191.934998
122    191.904999
123    191.979996
124    192.020004
125    192.054993
126    191.964996
127    192.024994
128    192.050003
129    192.039993
130    192.130005
131    192.039993
132    191.990005
133    192.009995
134    191.988800
135    192.100006
136    192.210007
137    192.222198
138    192.262299
139    192.350006
140    192.380005
141    192.259995
142    192.229996
143    192.215897
144    192.399994
145    192.380096
146    192.438797
147    192.427505
148    192.389893
149    192.320099
150    192.399994
151    192.399994
152    192.320007
153    192.324997
154    192.255005
155    192.169998
156    192.125000
157    192.210007
158    192.175003
159    192.160004
160    192.160904
161    192.112793
162    192.160004
163    192.125000
164    192.029999
165    192.050003
166    192.009995
167    191.862701
168    191.964996
169    191.919998
170    192.039993
171    191.984406
172    191.875000
173    191.731201
174    191.860001
175    191.875000
176    191.865005
177    191.929993
178    191.910004
179    191.899994
180    191.934998
181    192.039993
182    191.970001
183    191.960007
184    191.929993
185    191.850006
186    191.919998
187    191.899902
188    191.889999
189    191.826996
190    191.869995
191    191.899994
192    191.885605
193    191.865005
194    191.858505
195    191.878601
196    191.839996
197    191.940002
198    191.940002
199    191.848297
200    191.929993
201    191.929993
202    191.990005
203    191.960007
204    191.934998
205    191.990005
206    191.994995
207    191.964996
208    191.971802
209    191.955002
210    191.934998
211    191.880005
212    191.940002
213    192.080002
214    192.074997
215    192.169998
216    192.110001
217    192.184998
218    192.170105
219    192.100006
220    192.095001
221    192.125000
222    192.100006
223    192.179993
224    192.080002
225    192.020004
226    191.929993
227    191.927597
228    191.975006
229    191.964996
230    191.967606
231    191.990005
232    191.949997
233    191.934998
234    191.990005
235    191.940201
236    192.000000
237    191.940002
238    191.970001
239    191.899994
240    191.910004
241    192.000000
242    192.110001
243    192.009995
244    192.070007
245    192.158096
246    192.160004
247    192.100006
248    192.178696
249    192.238907
250    192.202896
251    192.199997
252    192.225006
253    192.270004
254    192.228607
255    192.205002
256    192.244995
257    192.287994
258    192.291000
259    192.347595
260    192.335007
261    192.324997
262    192.309998
263    192.259995
264    192.270004
265    192.369995
266    192.340103
267    192.384995
268    192.389999
269    192.369995
270    192.410004
271    192.365005
272    192.330002
273    192.279999
274    192.300003
275    192.294998
276    192.360001
277    192.350006
278    192.339996
279    192.309998
280    192.350006
281    192.309998
282    192.274994
283    192.279999
284    192.279999
285    192.285004
286    192.309998
287    192.274994
288    192.289993
289    192.339996
290    192.320007
291    192.315002
292    192.339996
293    192.329498
294    192.330002
295    192.354996
296    192.292496
297    192.207703
298    192.110306
299    192.119995
300    192.229996
301    192.190002
302    192.214996
303    192.184998
304    192.210007
305    192.190002
306    192.229507
307    192.255005
308    192.250000
309    192.240005
310    192.259995
311    192.279999
312    192.339493
313    192.294998
314    192.339996
315    192.365005
316    192.391006
317    192.410004
318    192.434998
319    192.401398
320    192.440002
321    192.479996
322    192.438705
323    192.460007
324    192.451706
325    192.509995
326    192.470001
327    192.464996
328    192.460007
329    192.470001
330    192.404999
331    192.375595
332    192.345001
333    192.285004
334    192.300095
335    192.330002
336    192.360306
337    192.389999
338    192.468094
339    192.510101
340    192.509995
341    192.518097
342    192.578201
343    192.529999
344    192.500397
345    192.637405
346    192.615005
347    192.604996
348    192.600006
349    192.610001
350    192.560196
351    192.585007
352    192.610001
353    192.570007
354    192.552094
355    192.554993
356    192.596100
357    192.670105
358    192.714996
359    192.679993
360    192.684998
361    192.735001
362    192.681900
363    192.660004
364    192.639999
365    192.675003
366    192.675003
367    192.710007
368    192.660004
369    192.634995
370    192.669998
371    192.679993
372    192.654999
373    192.610001
374    192.500000
375    192.550003
376    192.551804
377    192.509995
378    192.554993
379    192.510300
380    192.619995
381    192.839996
382    192.729996
383    192.719894
384    192.369995
385    192.315002
386    192.544998
387    192.490005
388    192.520004
389    192.520004
dtype: float64
